0.2000000	0.0004100	3.0000000	0.3000000	10000	0.2902470	0.0000043
0.2000000	0.0004100	3.3000000	0.3000000	10000	0.2893150	0.0000038
0.2000000	0.0004100	3.3000000	0.3200000	10000	0.2823241	0.0000039
0.2000000	0.0004150	3.3000000	0.3500000	10000	0.2925803	0.0000046
0.2000000	0.0004150	3.3000000	0.4000000	10000	0.3194521	0.0000045
0.2000000	0.0004150	3.3000000	0.4500000	10000	0.3480347	0.0000038
0.1800000	0.0004150	3.3000000	0.4500000	10000	0.3574814	0.0000031
0.2200000	0.0004150	3.3000000	0.4500000	5542	0.3746720	0.0000070
0.2000000	0.0004150	3.5000000	0.4500000	10000	0.3355563	0.0000079
0.2000000	0.0004150	3.8000000	0.4500000	5081	0.3358632	0.0000063
0.2000000	0.0004150	3.8000000	0.5000000	10000	0.3601454	0.0000011
0.2000000	0.0004150	3.5999999	0.5000000	7264	0.3973866	0.0000048
0.2000000	0.0004150	4.0000000	0.5000000	5289	0.3664967	0.0000070
0.2000000	0.0004150	3.8000000	0.5500000	2224	0.3510422	0.0000170
0.1800000	0.0004150	3.8000000	0.5500000	10000	0.4115885	0.0000008
0.1800000	0.0004150	3.8000000	0.6000000	3405	0.5921466	0.0000070
0.1800000	0.0004150	3.8000000	0.6000000	2008	0.3957839	0.0000162	1987.2156300
0.2000000	0.0004150	3.8000000	0.6000000	2201	0.3694522	0.0000157	2196.0969260
0.2200000	0.0004150	3.8000000	0.6000000	2013	0.3692270	0.0000132	1906.0616740
0.2000000	0.0004150	4.0000000	0.6000000	2142	0.3832676	0.0000147	2094.1239860
0.1800000	0.0004150	3.8000000	0.6000000	2044	0.3875610	0.0000215	2040.1407720
0.1800000	0.0004150	3.8000000	0.5500000	2429	0.3828275	0.0000126	2264.6393820
0.1800000	0.0004150	3.8000000	0.5500000	1547	0.4183062	0.0000324	1275.3217000
0.1800000	0.0004150	3.8000000	0.5500000	1731	0.4916101	0.0000291	1460.3472400
0.1800000	0.0004150	5.0000000	0.5500000	1082	0.4541185	0.0000440	739.7012580
0.1800000	0.0004150	3.8000000	0.5500000	10000	0.3567643	0.0000039	11205.0314540
0.2000000	0.0004150	3.0000000	0.4000000	10000	0.3157592	0.0000104	8258.3008100
0.1700000	0.0004150	3.8000000	0.5500000	10000	0.3972430	0.0000040	11032.3719800
0.1900000	0.0004150	3.8000000	0.5500000	10000	0.3593399	0.0000047	10929.5601060
0.1750000	0.0004150	3.8000000	0.5500000	10000	0.3739597	0.0000040	10967.4262100
0.1750000	0.0004150	3.9000000	0.5500000	10000	0.4193012	0.0000039	10921.0305960
0.1750000	0.0004150	3.9000000	0.6000000	0	inf	nan	0.0790420
0.1750000	0.0004150	3.9000000	0.6000000	10000	0.4084119	0.0000041	11738.1431980
0.1750000	0.0004150	3.9000000	0.6500000	10000	0.4871856	0.0000083	12472.1140700
0.1750000	0.0004150	3.8000000	0.6500000	7402	0.4626252	0.0000038	8936.2018620
0.1750000	0.0004150	4.0000000	0.6500000	10000	0.4445203	0.0000070	12580.0614340
0.1750000	0.0004150	4.2000000	0.6500000	10000	0.4209902	0.0000086	12554.2022260
0.1700000	0.0004150	4.2000000	0.6500000	7833	0.4389620	0.0000058	9568.1320460
0.1800000	0.0004150	4.2000000	0.6500000	7070	0.4136994	0.0000049	8748.7796200
0.1750000	0.0004150	4.2000000	0.6800000	6621	0.4380176	0.0000045	8661.2150160
0.1750000	0.0004150	4.2000000	0.6800000	10000	0.4006727	0.0000080	12128.9071340
0.1750000	0.0004150	4.2000000	0.7500000	2992	0.3451336	0.0000130	3350.3483660
0.1750000	0.0004150	4.2000000	0.7500000	10000	0.4253182	0.0000057	12109.3671760
0.1750000	0.0004150	4.2000000	0.8000000	7013	0.4406079	0.0000041	8805.2741040
0.1750000	0.0004150	4.2000000	0.8000000	10000	0.3678955	-0.0000025	9248.3560380
0.1750000	0.0004150	4.2000000	0.9000000	10000	0.3816737	0.0000116	9567.6091640
0.1750000	0.0004150	4.2000000	1.0000000	10000	0.3919390	0.0000111	9812.8704280
0.1750000	0.0004150	4.2000000	1.5000000	10000	0.3989597	0.0000054	10501.3868120
0.1750000	0.0004150	4.2000000	2.0000000	10000	0.4053153	0.0000063	10552.5500240
0.1750000	0.0004150	4.5000000	2.0000000	10000	0.3939054	0.0000072	10374.7194200
0.1900000	0.0004150	4.5000000	2.0000000	10000	0.3667913	0.0000076	10252.8538580
(lldb) target create "./pid"
Current executable set to './pid' (x86_64).
(lldb) settings set -- target.run-args  "0.175" "0.000415" "4.5" "3.0"
^C
^C
^C
0.1750000	0.0004150	4.5000000	3.0000000	10000	0.4064201	0.0000000	10326.7802220	51.6339011
0.1850000	0.0004150	4.5000000	3.0000000	10001	0.4064013	0.0000000	10327.7448920	51.6335611
0.1650000	0.0004150	4.5000000	3.0000000	10002	0.4063808	0.0000000	10328.7123960	51.6332353
0.1750000	0.0004250	4.5000000	3.0000000	10003	0.4063602	0.0000000	10329.6799000	51.6329096
0.1750000	0.0004050	4.5000000	3.0000000	10004	0.4063378	0.0000000	10330.6502500	51.6325982
0.1750000	0.0004150	4.6000000	3.0000000	10005	0.4063154	0.0000000	10331.6206000	51.6322869
0.1750000	0.0004150	4.4000000	3.0000000	10006	0.4062914	0.0000000	10332.5937920	51.6319898
0.1840000	0.0004150	4.5000000	3.0000000	10007	0.4062657	0.0000000	10333.5697920	51.6317068
0.1660000	0.0004150	4.5000000	3.0000000	10008	0.4062385	0.0000000	10334.5486100	51.6314379
0.1750000	0.0004240	4.5000000	3.0000000	10009	0.4062099	0.0000000	10335.5302500	51.6311832
0.1750000	0.0004060	4.5000000	3.0000000	10010	0.4061813	0.0000000	10336.5118900	51.6309285
0.1750000	0.0004150	4.5900000	3.0000000	10011	0.4061514	0.0000000	10337.4963480	51.6306880
0.1750000	0.0004150	4.4100000	3.0000000	10012	0.4061202	0.0000000	10338.4836040	51.6304615
0.1831000	0.0004150	4.5000000	3.0000000	10013	0.4060879	0.0000000	10339.4736580	51.6302490
0.1669000	0.0004150	4.5000000	3.0000000	10014	0.4060555	0.0000000	10340.4637120	51.6300365
0.1750000	0.0004231	4.5000000	3.0000000	10015	0.4060220	0.0000000	10341.4565640	51.6298381
0.1750000	0.0004069	4.5000000	3.0000000	10016	0.4059875	0.0000000	10342.4522020	51.6296536
0.1750000	0.0004150	4.5810000	3.0000000	10017	0.4059530	0.0000000	10343.4478400	51.6294691
0.1750000	0.0004150	4.4190000	3.0000000	10018	0.4059175	0.0000000	10344.4462620	51.6292986
0.1822900	0.0004150	4.5000000	3.0000000	10019	0.4058820	0.0000000	10345.4446840	51.6291281
0.1677100	0.0004150	4.5000000	3.0000000	10020	0.4058455	0.0000000	10346.4458860	51.6289715
0.1750000	0.0004223	4.5000000	3.0000000	10021	0.4058066	0.0000000	10347.4498600	51.6288288
0.1750000	0.0004077	4.5000000	3.0000000	10022	0.4057678	0.0000000	10348.4538340	51.6286861
0.1750000	0.0004150	4.5729000	3.0000000	10023	0.4057309	0.0000000	10349.4605400	51.6285570
0.1750000	0.0004150	4.4271000	3.0000000	10024	0.4057000	0.0000000	10350.4699980	51.6284417
0.1815610	0.0004150	4.5000000	3.0000000	10025	0.4056691	0.0000000	10351.4794560	51.6283265
0.1684390	0.0004150	4.5000000	3.0000000	10026	0.4056438	0.0000000	10352.4912380	51.6282228
0.1750000	0.0004216	4.5000000	3.0000000	10027	0.4056185	0.0000000	10353.5030200	51.6281192
0.1750000	0.0004084	4.5000000	3.0000000	10028	0.4055985	0.0000000	10354.5059380	51.6279714
0.1750000	0.0004150	4.5656100	3.0000000	10029	0.4055837	0.0000000	10355.5004580	51.6277817
0.1750000	0.0004150	4.4343900	3.0000000	10030	0.4055689	0.0000000	10356.4949780	51.6275921
0.1809049	0.0004150	4.5000000	3.0000000	10031	0.4055588	0.0000000	10357.4797940	51.6273542
0.1690951	0.0004150	4.5000000	3.0000000	10032	0.4055533	0.0000000	10358.4562560	51.6270746
0.1750000	0.0004209	4.5000000	3.0000000	10033	0.4055479	0.0000000	10359.4327180	51.6267952
0.1750000	0.0004091	4.5000000	3.0000000	10034	0.4055424	0.0000000	10360.4091800	51.6265157
0.1750000	0.0004150	4.5590490	3.0000000	10035	0.4055413	0.0000000	10361.3763180	51.6261899
0.1750000	0.0004150	4.4409510	3.0000000	10036	0.4055444	0.0000000	10362.3292820	51.6257936
0.1803144	0.0004150	4.5000000	3.0000000	10037	0.4055512	0.0000000	10363.2828360	51.6254002
0.1696856	0.0004150	4.5000000	3.0000000	10038	0.4055580	0.0000000	10364.2363900	51.6250069
0.1750000	0.0004203	4.5000000	3.0000000	10039	0.4055684	0.0000000	10365.1879680	51.6246039
0.1750000	0.0004097	4.5000000	3.0000000	10040	0.4055787	0.0000000	10366.1395460	51.6242009
0.1750000	0.0004150	4.5531441	3.0000000	10041	0.4055921	0.0000000	10367.0917220	51.6238010
0.1750000	0.0004150	4.4468559	3.0000000	10042	0.4056056	0.0000000	10368.0438980	51.6234012
0.1797830	0.0004150	4.5000000	3.0000000	10043	0.4056242	0.0000000	10369.0011520	51.6230267
0.1702170	0.0004150	4.5000000	3.0000000	10044	0.4056428	0.0000000	10369.9584060	51.6226524
0.1750000	0.0004198	4.5000000	3.0000000	10045	0.4056634	0.0000000	10370.9180680	51.6222900
0.1750000	0.0004102	4.5000000	3.0000000	10046	0.4056839	0.0000000	10371.8777300	51.6219278
0.1750000	0.0004150	4.5478297	3.0000000	10047	0.4057061	0.0000000	10372.8291160	51.6215244
0.1750000	0.0004150	4.4521703	3.0000000	10048	0.4057282	0.0000000	10373.7805020	51.6211211
0.1793047	0.0004150	4.5000000	3.0000000	10049	0.4057515	0.0000000	10374.7224980	51.6206712
0.1706953	0.0004150	4.5000000	3.0000000	10050	0.4057748	0.0000000	10375.6644940	51.6202214
0.1750000	0.0004193	4.5000000	3.0000000	10051	0.4057989	0.0000000	10376.5928360	51.6197037
0.1750000	0.0004107	4.5000000	3.0000000	10052	0.4058235	0.0000000	10377.5226660	51.6191935
0.1750000	0.0004150	4.5430467	3.0000000	10053	0.4058481	0.0000000	10378.4524960	51.6186835
0.1750000	0.0004150	4.4569533	3.0000000	10054	0.4058729	0.0000000	10379.3849500	51.6181865
0.1788742	0.0004150	4.5000000	3.0000000	10055	0.4058975	0.0000000	10380.3202480	51.6177039
0.1711258	0.0004150	4.5000000	3.0000000	10056	0.4059222	0.0000000	10381.2555460	51.6172213
0.1750000	0.0004189	4.5000000	3.0000000	10057	0.4059467	0.0000000	10382.1937340	51.6167532
0.1750000	0.0004111	4.5000000	3.0000000	10058	0.4059712	0.0000000	10383.1319220	51.6162852
0.1750000	0.0004150	4.5387420	3.0000000	10059	0.4059964	0.0000000	10384.0730060	51.6158316
0.1750000	0.0004150	4.4612580	3.0000000	10060	0.4060232	0.0000000	10385.0169820	51.6153926
0.1784868	0.0004150	4.5000000	3.0000000	10061	0.4060499	0.0000000	10385.9609580	51.6149536
0.1715132	0.0004150	4.5000000	3.0000000	10062	0.4060779	0.0000000	10386.9077400	51.6145286
0.1750000	0.0004185	4.5000000	3.0000000	10063	0.4061071	0.0000000	10387.8573940	51.6141180
0.1750000	0.0004115	4.5000000	3.0000000	10064	0.4061362	0.0000000	10388.8070480	51.6137075
0.1750000	0.0004150	4.5348678	3.0000000	10065	0.4061660	0.0000000	10389.7595280	51.6133111
0.1750000	0.0004150	4.4651322	3.0000000	10066	0.4061958	0.0000000	10390.7120080	51.6129148
0.1781381	0.0004150	4.5000000	3.0000000	10067	0.4062259	0.0000000	10391.6673220	51.6125326
0.1718619	0.0004150	4.5000000	3.0000000	10068	0.4062561	0.0000000	10392.6254940	51.6121647
0.1750000	0.0004181	4.5000000	3.0000000	10069	0.4062862	0.0000000	10393.5836660	51.6117969
0.1750000	0.0004119	4.5000000	3.0000000	10070	0.4063161	0.0000000	10394.5446940	51.6114434
0.1750000	0.0004150	4.5313811	3.0000000	10071	0.4063452	0.0000000	10395.5085700	51.6111040
0.1750000	0.0004150	4.4686189	3.0000000	10072	0.4063744	0.0000000	10396.4724460	51.6107647
0.1778243	0.0004150	4.5000000	3.0000000	10073	0.4064027	0.0000000	10397.4391800	51.6104397
0.1721757	0.0004150	4.5000000	3.0000000	10074	0.4064309	0.0000000	10398.4059140	51.6101147
0.1750000	0.0004178	4.5000000	3.0000000	10075	0.4064579	0.0000000	10399.3755040	51.6098040
0.1750000	0.0004122	4.5000000	3.0000000	10076	0.4064849	0.0000000	10400.3450940	51.6094933
0.1750000	0.0004150	4.5282430	3.0000000	10077	0.4065118	0.0000000	10401.3146840	51.6091827
0.1750000	0.0004150	4.4717570	3.0000000	10078	0.4065372	0.0000000	10402.2870980	51.6088862
0.1775419	0.0004150	4.5000000	3.0000000	10079	0.4065626	0.0000000	10403.2595120	51.6085897
0.1724581	0.0004150	4.5000000	3.0000000	10080	0.4065862	0.0000000	10404.2347700	51.6083074
0.1750000	0.0004175	4.5000000	3.0000000	10081	0.4066076	0.0000000	10405.2128340	51.6080391
0.1750000	0.0004125	4.5000000	3.0000000	10082	0.4066266	0.0000000	10406.1937280	51.6077848
0.1750000	0.0004150	4.5254187	3.0000000	10083	0.4066457	0.0000000	10407.1746220	51.6075306
0.1750000	0.0004150	4.4745813	3.0000000	10084	0.4066621	0.0000000	10408.1583280	51.6072904
0.1772877	0.0004150	4.5000000	3.0000000	10085	0.4066785	0.0000000	10409.1420340	51.6070502
0.1727123	0.0004150	4.5000000	3.0000000	10086	0.4066921	0.0000000	10410.1285360	51.6068240
0.1750000	0.0004173	4.5000000	3.0000000	10087	0.4067057	0.0000000	10411.1150380	51.6065978
0.1750000	0.0004127	4.5000000	3.0000000	10088	0.4067164	0.0000000	10412.1043220	51.6063854
0.1750000	0.0004150	4.5228768	3.0000000	10089	0.4067239	0.0000000	10413.0963660	51.6061868
0.1750000	0.0004150	4.4771232	3.0000000	10090	0.4067280	0.0000000	10414.0911780	51.6060019
0.1770589	0.0004150	4.5000000	3.0000000	10091	0.4067322	0.0000000	10415.0859900	51.6058170
0.1729411	0.0004150	4.5000000	3.0000000	10092	0.4067363	0.0000000	10416.0808020	51.6056322
0.1750000	0.0004171	4.5000000	3.0000000	10093	0.4067388	0.0000000	10417.0783680	51.6054611
0.1750000	0.0004129	4.5000000	3.0000000	10094	0.4067400	0.0000000	10418.0787020	51.6053037
0.1750000	0.0004150	4.5205891	3.0000000	10095	0.4067411	0.0000000	10419.0790360	51.6051463
0.1750000	0.0004150	4.4794109	3.0000000	10096	0.4067422	0.0000000	10420.0821360	51.6050027
0.1768530	0.0004150	4.5000000	3.0000000	10097	0.4067431	0.0000000	10421.0879880	51.6048727
0.1731470	0.0004150	4.5000000	3.0000000	10098	0.4067440	0.0000000	10422.0938400	51.6047427
0.1750000	0.0004169	4.5000000	3.0000000	10099	0.4067446	0.0000000	10423.1024400	51.6046264
0.1750000	0.0004131	4.5000000	3.0000000	10100	0.4067453	0.0000000	10424.1110400	51.6045101
0.1750000	0.0004150	4.5185302	3.0000000	10101	0.4067454	0.0000000	10425.1223880	51.6044074
0.1750000	0.0004150	4.4814698	3.0000000	10102	0.4067449	0.0000000	10426.1364740	51.6043183
0.1766677	0.0004150	4.5000000	3.0000000	10103	0.4067434	0.0000000	10427.1533040	51.6042428
0.1733323	0.0004150	4.5000000	3.0000000	10104	0.4067410	0.0000000	10428.1728760	51.6041809
0.1750000	0.0004167	4.5000000	3.0000000	10105	0.4067374	0.0000000	10429.1951780	51.6041325
0.1750000	0.0004133	4.5000000	3.0000000	10106	0.4067338	0.0000000	10430.2174800	51.6040841
0.1750000	0.0004150	4.5166772	3.0000000	10107	0.4067302	0.0000000	10431.2397820	51.6040357
0.1750000	0.0004150	4.4833228	3.0000000	10108	0.4067253	0.0000000	10432.2648000	51.6040008
0.1765009	0.0004150	4.5000000	3.0000000	10109	0.4067203	0.0000000	10433.2898180	51.6039659
0.1734991	0.0004150	4.5000000	3.0000000	10110	0.4067139	0.0000000	10434.3175580	51.6039444
0.1750000	0.0004165	4.5000000	3.0000000	10111	0.4067075	0.0000000	10435.3452980	51.6039229
0.1750000	0.0004135	4.5000000	3.0000000	10112	0.4066996	0.0000000	10436.3757560	51.6039149
0.1750000	0.0004150	4.5150095	3.0000000	10113	0.4066899	0.0000000	10437.4089140	51.6039203
0.1750000	0.0004150	4.4849905	3.0000000	10114	0.4066783	0.0000000	10438.4447740	51.6039390
0.1763509	0.0004150	4.5000000	3.0000000	10115	0.4066668	0.0000000	10439.4806340	51.6039577
0.1736491	0.0004150	4.5000000	3.0000000	10116	0.4066534	0.0000000	10440.5191860	51.6039897
0.1750000	0.0004164	4.5000000	3.0000000	10117	0.4066399	0.0000000	10441.5577380	51.6040216
0.1750000	0.0004136	4.5000000	3.0000000	10118	0.4066246	0.0000000	10442.5989720	51.6040669
0.1750000	0.0004150	4.5135085	3.0000000	10119	0.4066071	0.0000000	10443.6428800	51.6041253
0.1750000	0.0004150	4.4864915	3.0000000	10120	0.4065897	0.0000000	10444.6867880	51.6041837
0.1762158	0.0004150	4.5000000	3.0000000	10121	0.4065702	0.0000000	10445.7333620	51.6042553
0.1737842	0.0004150	4.5000000	3.0000000	10122	0.4065506	0.0000000	10446.7799360	51.6043269
0.1750000	0.0004162	4.5000000	3.0000000	10123	0.4065290	0.0000000	10447.8291620	51.6044115
0.1750000	0.0004138	4.5000000	3.0000000	10124	0.4065074	0.0000000	10448.8783880	51.6044962
0.1750000	0.0004150	4.5121577	3.0000000	10125	0.4064816	0.0000000	10449.9329000	51.6046069
0.1750000	0.0004150	4.4878423	3.0000000	10126	0.4064558	0.0000000	10450.9874120	51.6047176
0.1760942	0.0004150	4.5000000	3.0000000	10127	0.4064280	0.0000000	10452.0444280	51.6048407
0.1739058	0.0004150	4.5000000	3.0000000	10128	0.4063983	0.0000000	10453.1010420	51.6049617
0.1750000	0.0004161	4.5000000	3.0000000	10129	0.4063686	0.0000000	10454.1576560	51.6050827
0.1750000	0.0004139	4.5000000	3.0000000	10130	0.4063370	0.0000000	10455.2165140	51.6052148
0.1750000	0.0004150	4.5109419	3.0000000	10131	0.4063054	0.0000000	10456.2753720	51.6053468
0.1750000	0.0004150	4.4890581	3.0000000	10132	0.4062720	0.0000000	10457.3367720	51.6054914
0.1759848	0.0004150	4.5000000	3.0000000	10133	0.4062367	0.0000000	10458.4007860	51.6056488
0.1740152	0.0004150	4.5000000	3.0000000	10134	0.4062015	0.0000000	10459.4648000	51.6058062
0.1750000	0.0004160	4.5000000	3.0000000	10135	0.4061646	0.0000000	10460.5314240	51.6059764
0.1750000	0.0004140	4.5000000	3.0000000	10136	0.4061277	0.0000000	10461.5980480	51.6061466
0.1750000	0.0004150	4.5098477	3.0000000	10137	0.4060892	0.0000000	10462.6672820	51.6063297
0.1750000	0.0004150	4.4901523	3.0000000	10138	0.4060491	0.0000000	10463.7391420	51.6065257
0.1758863	0.0004150	4.5000000	3.0000000	10139	0.4060091	0.0000000	10464.8110020	51.6067216
0.1741137	0.0004150	4.5000000	3.0000000	10140	0.4059705	0.0000000	10465.8854680	51.6069303
0.1750000	0.0004159	4.5000000	3.0000000	10141	0.4059319	0.0000000	10466.9599340	51.6071390
0.1750000	0.0004141	4.5000000	3.0000000	10142	0.4058946	0.0000000	10468.0370020	51.6073605
0.1750000	0.0004150	4.5088629	3.0000000	10143	0.4058601	0.0000000	10469.1166840	51.6075948
0.1750000	0.0004150	4.4911371	3.0000000	10144	0.4058229	0.0000000	10470.1989640	51.6078419
0.1757977	0.0004150	4.5000000	3.0000000	10145	0.4057832	0.0000000	10471.2837580	51.6081013
0.1742023	0.0004150	4.5000000	3.0000000	10146	0.4057434	0.0000000	10472.3685520	51.6083607
0.1750000	0.0004158	4.5000000	3.0000000	10147	0.4057058	0.0000000	10473.4558280	51.6086322
0.1750000	0.0004142	4.5000000	3.0000000	10148	0.4056708	0.0000000	10474.5456660	51.6089164
0.1750000	0.0004150	4.5079766	3.0000000	10149	0.4056385	0.0000000	10475.6380000	51.6092127
0.1750000	0.0004150	4.4920234	3.0000000	10150	0.4056089	0.0000000	10476.7327940	51.6095212
0.1757179	0.0004150	4.5000000	3.0000000	10151	0.4055819	0.0000000	10477.8300500	51.6098416
0.1742821	0.0004150	4.5000000	3.0000000	10152	0.4055549	0.0000000	10478.9273060	51.6101621
0.1750000	0.0004157	4.5000000	3.0000000	10153	0.4055304	0.0000000	10480.0270180	51.6104945
0.1750000	0.0004143	4.5000000	3.0000000	10154	0.4055084	0.0000000	10481.1292760	51.6108395
0.1750000	0.0004150	4.5071790	3.0000000	10155	0.4054864	0.0000000	10482.2315340	51.6111843
0.1750000	0.0004150	4.4928210	3.0000000	10156	0.4054667	0.0000000	10483.3362660	51.6115413
0.1756461	0.0004150	4.5000000	3.0000000	10157	0.4054495	0.0000000	10484.4435360	51.6119107
0.1743539	0.0004150	4.5000000	3.0000000	10158	0.4054345	0.0000000	10485.5532780	51.6122922
0.1750000	0.0004156	4.5000000	3.0000000	10159	0.4054195	0.0000000	10486.6630200	51.6126736
0.1750000	0.0004144	4.5000000	3.0000000	10160	0.4054066	0.0000000	10487.7752200	51.6130670
0.1750000	0.0004150	4.5064611	3.0000000	10161	0.4053957	0.0000000	10488.8899460	51.6134728
0.1750000	0.0004150	4.4935389	3.0000000	10162	0.4053849	0.0000000	10490.0046720	51.6138785
0.1755815	0.0004150	4.5000000	3.0000000	10163	0.4053758	0.0000000	10491.1218700	51.6142963
0.1744185	0.0004150	4.5000000	3.0000000	10164	0.4053685	0.0000000	10492.2415880	51.6147264
0.1750000	0.0004156	4.5000000	3.0000000	10165	0.4053628	0.0000000	10493.3637760	51.6151686
0.1750000	0.0004144	4.5000000	3.0000000	10166	0.4053585	0.0000000	10494.4884240	51.6156228
0.1750000	0.0004150	4.5058150	3.0000000	10167	0.4053566	0.0000000	10495.6155360	51.6160890
0.1750000	0.0004150	4.4941850	3.0000000	10168	0.4053619	0.0000000	10496.7475860	51.6165794
0.1755233	0.0004150	4.5000000	3.0000000	10169	0.4053715	0.0000000	10497.8820320	51.6170815
0.1744767	0.0004150	4.5000000	3.0000000	10170	0.4053849	0.0000000	10499.0181780	51.6175918
0.1750000	0.0004155	4.5000000	3.0000000	10171	0.4053983	0.0000000	10500.1543240	51.6181021
0.1750000	0.0004145	4.5000000	3.0000000	10172	0.4054151	0.0000000	10501.2814000	51.6185676
0.1750000	0.0004150	4.5052335	3.0000000	10173	0.4054319	0.0000000	10502.4084760	51.6190331
0.1750000	0.0004150	4.4947665	3.0000000	10174	0.4054540	0.0000000	10503.5128740	51.6193870
0.1754710	0.0004150	4.5000000	3.0000000	10175	0.4054782	0.0000000	10504.6087800	51.6196992
0.1745290	0.0004150	4.5000000	3.0000000	10176	0.4055025	0.0000000	10505.7046860	51.6200112
0.1750000	0.0004155	4.5000000	3.0000000	10177	0.4055296	0.0000000	10506.8036900	51.6203385
0.1750000	0.0004145	4.5000000	3.0000000	10178	0.4055567	0.0000000	10507.9026940	51.6206656
0.1750000	0.0004150	4.5047101	3.0000000	10179	0.4055845	0.0000000	10509.0039640	51.6210039
0.1750000	0.0004150	4.4952899	3.0000000	10180	0.4056123	0.0000000	10510.1052340	51.6213420
0.1754239	0.0004150	4.5000000	3.0000000	10181	0.4056404	0.0000000	10511.2089780	51.6216923
0.1745761	0.0004150	4.5000000	3.0000000	10182	0.4056684	0.0000000	10512.3127220	51.6220424
0.1750000	0.0004154	4.5000000	3.0000000	10183	0.4056964	0.0000000	10513.4189940	51.6224050
0.1750000	0.0004146	4.5000000	3.0000000	10184	0.4057228	0.0000000	10514.5303560	51.6227924
0.1750000	0.0004150	4.5042391	3.0000000	10185	0.4057493	0.0000000	10515.6417180	51.6231798
0.1750000	0.0004150	4.4957609	3.0000000	10186	0.4057744	0.0000000	10516.7556440	51.6235796
0.1753815	0.0004150	4.5000000	3.0000000	10187	0.4057995	0.0000000	10517.8695700	51.6239794
0.1746185	0.0004150	4.5000000	3.0000000	10188	0.4058229	0.0000000	10518.9860500	51.6243917
0.1750000	0.0004154	4.5000000	3.0000000	10189	0.4058463	0.0000000	10520.1025300	51.6248039
0.1750000	0.0004146	4.5000000	3.0000000	10190	0.4058677	0.0000000	10521.2215620	51.6252285
0.1750000	0.0004150	4.5038152	3.0000000	10191	0.4058839	0.0000000	10522.3456240	51.6256777
0.1750000	0.0004150	4.4961848	3.0000000	10192	0.4058970	0.0000000	10523.4722100	51.6261392
0.1753434	0.0004150	4.5000000	3.0000000	10193	0.4059068	0.0000000	10524.6011280	51.6266120
0.1746566	0.0004150	4.5000000	3.0000000	10194	0.4059131	0.0000000	10525.7212460	51.6270416
0.1750000	0.0004153	4.5000000	3.0000000	10195	0.4059122	0.0000000	10526.8175860	51.6273545
0.1750000	0.0004147	4.5000000	3.0000000	10196	0.4059075	0.0000000	10527.9091080	51.6276437
0.1750000	0.0004150	4.5034337	3.0000000	10197	0.4059028	0.0000000	10529.0006300	51.6279329
0.1750000	0.0004150	4.4965663	3.0000000	10198	0.4058980	0.0000000	10530.0921520	51.6282220
0.1753090	0.0004150	4.5000000	3.0000000	10199	0.4058893	0.0000000	10531.1850720	51.6285179
0.1746910	0.0004150	4.5000000	3.0000000	10200	0.4058806	0.0000000	10532.2779920	51.6288137
0.1750000	0.0004153	4.5000000	3.0000000	10201	0.4058639	0.0000000	10533.3732160	51.6291208
0.1750000	0.0004147	4.5000000	3.0000000	10202	0.4058471	0.0000000	10534.4684400	51.6294278
0.1750000	0.0004150	4.5030903	3.0000000	10203	0.4058265	0.0000000	10535.5629240	51.6297311
0.1750000	0.0004150	4.4969097	3.0000000	10204	0.4058059	0.0000000	10536.6574080	51.6300343
0.1752781	0.0004150	4.5000000	3.0000000	10205	0.4057816	0.0000000	10537.7431700	51.6302948
0.1747219	0.0004150	4.5000000	3.0000000	10206	0.4057573	0.0000000	10538.8289320	51.6305552
0.1750000	0.0004153	4.5000000	3.0000000	10207	0.4057294	0.0000000	10539.9058520	51.6307723
0.1750000	0.0004147	4.5000000	3.0000000	10208	0.4057014	0.0000000	10540.9827720	51.6309893
0.1750000	0.0004150	4.5027813	3.0000000	10209	0.4056693	0.0000000	10542.0384420	51.6311022
0.1750000	0.0004150	4.4972187	3.0000000	10210	0.4056371	0.0000000	10543.0941120	51.6312150
0.1752503	0.0004150	4.5000000	3.0000000	10211	0.4056031	0.0000000	10544.1508760	51.6313332
0.1747497	0.0004150	4.5000000	3.0000000	10212	0.4055690	0.0000000	10545.2062300	51.6314445
0.1750000	0.0004153	4.5000000	3.0000000	10213	0.4055347	0.0000000	10546.2636560	51.6315659
0.1750000	0.0004147	4.5000000	3.0000000	10214	0.4055005	0.0000000	10547.3210820	51.6316873
0.1750000	0.0004150	4.5025032	3.0000000	10215	0.4054662	0.0000000	10548.3810240	51.6318210
0.1750000	0.0004150	4.4974968	3.0000000	10216	0.4054319	0.0000000	10549.4409660	51.6319546
0.1752253	0.0004150	4.5000000	3.0000000	10217	0.4053978	0.0000000	10550.5035060	51.6321009
0.1747747	0.0004150	4.5000000	3.0000000	10218	0.4053637	0.0000000	10551.5686640	51.6322601
0.1750000	0.0004152	4.5000000	3.0000000	10219	0.4053299	0.0000000	10552.6364500	51.6324320
0.1750000	0.0004148	4.5000000	3.0000000	10220	0.4052967	0.0000000	10553.7094880	51.6326296
0.1750000	0.0004150	4.5022528	3.0000000	10221	0.4052640	0.0000000	10554.7851500	51.6328400
0.1750000	0.0004150	4.4977472	3.0000000	10222	0.4052317	0.0000000	10555.8634220	51.6330631
0.1752028	0.0004150	4.5000000	3.0000000	10223	0.4051999	0.0000000	10556.9443020	51.6332989
0.1747972	0.0004150	4.5000000	3.0000000	10224	0.4051692	0.0000000	10558.0303860	51.6335602
0.1750000	0.0004152	4.5000000	3.0000000	10225	0.4051392	0.0000000	10559.1190620	51.6338340
0.1750000	0.0004148	4.5000000	3.0000000	10226	0.4051098	0.0000000	10560.2103100	51.6341204
0.1750000	0.0004150	4.5020276	3.0000000	10227	0.4050803	0.0000000	10561.3015580	51.6344068
0.1750000	0.0004150	4.4979724	3.0000000	10228	0.4050515	0.0000000	10562.3953800	51.6347056
0.1751825	0.0004150	4.5000000	3.0000000	10229	0.4050227	0.0000000	10563.4892020	51.6350044
0.1748175	0.0004150	4.5000000	3.0000000	10230	0.4049945	0.0000000	10564.5855980	51.6353157
0.1750000	0.0004152	4.5000000	3.0000000	10231	0.4049670	0.0000000	10565.6845680	51.6356396
0.1750000	0.0004148	4.5000000	3.0000000	10232	0.4049469	0.0000000	10566.7861040	51.6359759
0.1750000	0.0004150	4.5018248	3.0000000	10233	0.4049272	0.0000000	10567.8927520	51.6363371
0.1750000	0.0004150	4.4981752	3.0000000	10234	0.4049075	0.0000000	10568.9994000	51.6366983
0.1751642	0.0004150	4.5000000	3.0000000	10235	0.4048913	0.0000000	10570.1085980	51.6370718
0.1748358	0.0004150	4.5000000	3.0000000	10236	0.4048752	0.0000000	10571.2177960	51.6374453
0.1750000	0.0004152	4.5000000	3.0000000	10237	0.4048624	0.0000000	10572.3293360	51.6378301
0.1750000	0.0004148	4.5000000	3.0000000	10238	0.4048495	0.0000000	10573.4408760	51.6382149
0.1750000	0.0004150	4.5016423	3.0000000	10239	0.4048399	0.0000000	10574.5547060	51.6386107
0.1750000	0.0004150	4.4983577	3.0000000	10240	0.4048303	0.0000000	10575.6685360	51.6390065
0.1751478	0.0004150	4.5000000	3.0000000	10241	0.4048236	0.0000000	10576.7846960	51.6394136
0.1748522	0.0004150	4.5000000	3.0000000	10242	0.4048169	0.0000000	10577.9008560	51.6398206
0.1750000	0.0004151	4.5000000	3.0000000	10243	0.4048103	0.0000000	10579.0170160	51.6402276
0.1750000	0.0004149	4.5000000	3.0000000	10244	0.4048092	0.0000000	10580.1381980	51.6406589
0.1750000	0.0004150	4.5014781	3.0000000	10245	0.4048108	0.0000000	10581.2619060	51.6411025
0.1750000	0.0004150	4.4985219	3.0000000	10246	0.4048123	0.0000000	10582.3856140	51.6415460
0.1751330	0.0004150	4.5000000	3.0000000	10247	0.4048162	0.0000000	10583.5116980	51.6420011
0.1748670	0.0004150	4.5000000	3.0000000	10248	0.4048202	0.0000000	10584.6377820	51.6424560
0.1750000	0.0004151	4.5000000	3.0000000	10249	0.4048262	0.0000000	10585.7662320	51.6429224
0.1750000	0.0004149	4.5000000	3.0000000	10250	0.4048323	0.0000000	10586.8946820	51.6433887
0.1750000	0.0004150	4.5013303	3.0000000	10251	0.4048417	0.0000000	10588.0279120	51.6438782
0.1750000	0.0004150	4.4986697	3.0000000	10252	0.4048525	0.0000000	10589.1636240	51.6443798
0.1751197	0.0004150	4.5000000	3.0000000	10253	0.4048643	0.0000000	10590.3016000	51.6448922
0.1748803	0.0004150	4.5000000	3.0000000	10254	0.4048770	0.0000000	10591.4442400	51.6454273
0.1750000	0.0004151	4.5000000	3.0000000	10255	0.4048898	0.0000000	10592.5893180	51.6459742
0.1750000	0.0004149	4.5000000	3.0000000	10256	0.4049021	0.0000000	10593.7368360	51.6465329
0.1750000	0.0004150	4.5011973	3.0000000	10257	0.4049145	0.0000000	10594.8843540	51.6470915
0.1750000	0.0004150	4.4988027	3.0000000	10258	0.4049262	0.0000000	10596.0343440	51.6476620
0.1751078	0.0004150	4.5000000	3.0000000	10259	0.4049369	0.0000000	10597.1867980	51.6482445
0.1748922	0.0004150	4.5000000	3.0000000	10260	0.4049476	0.0000000	10598.3392520	51.6488268
0.1750000	0.0004151	4.5000000	3.0000000	10261	0.4049571	0.0000000	10599.4941760	51.6494210
0.1750000	0.0004149	4.5000000	3.0000000	10262	0.4049650	0.0000000	10600.6515500	51.6500270
0.1750000	0.0004150	4.5010775	3.0000000	10263	0.4049711	0.0000000	10601.8113800	51.6506449
0.1750000	0.0004150	4.4989225	3.0000000	10264	0.4049772	0.0000000	10602.9712100	51.6512627
0.1750970	0.0004150	4.5000000	3.0000000	10265	0.4049812	0.0000000	10604.1334820	51.6518923
0.1749030	0.0004150	4.5000000	3.0000000	10266	0.4049829	0.0000000	10605.2981800	51.6525335
0.1750000	0.0004151	4.5000000	3.0000000	10267	0.4049846	0.0000000	10606.4628780	51.6531746
0.1750000	0.0004149	4.5000000	3.0000000	10268	0.4049838	0.0000000	10607.6299900	51.6538274
0.1750000	0.0004150	4.5009698	3.0000000	10269	0.4049802	0.0000000	10608.7995140	51.6544917
0.1750000	0.0004150	4.4990302	3.0000000	10270	0.4049737	0.0000000	10609.9714320	51.6551676
0.1750873	0.0004150	4.5000000	3.0000000	10271	0.4049671	0.0000000	10611.1433500	51.6558434
0.1749127	0.0004150	4.5000000	3.0000000	10272	0.4049575	0.0000000	10612.3176220	51.6565305
0.1750000	0.0004151	4.5000000	3.0000000	10273	0.4049479	0.0000000	10613.4918940	51.6572174
0.1750000	0.0004149	4.5000000	3.0000000	10274	0.4049352	0.0000000	10614.6685020	51.6579156
0.1750000	0.0004150	4.5008728	3.0000000	10275	0.4049224	0.0000000	10615.8451100	51.6586137
0.1750000	0.0004150	4.4991272	3.0000000	10276	0.4049065	0.0000000	10617.0240420	51.6593229
0.1750786	0.0004150	4.5000000	3.0000000	10277	0.4048872	0.0000000	10618.2053460	51.6600435
0.1749214	0.0004150	4.5000000	3.0000000	10278	0.4048646	0.0000000	10619.3889720	51.6607753
0.1750000	0.0004151	4.5000000	3.0000000	10279	0.4048419	0.0000000	10620.5725980	51.6615069
0.1750000	0.0004149	4.5000000	3.0000000	10280	0.4048127	0.0000000	10621.7607860	51.6622606
0.1750000	0.0004150	4.5007855	3.0000000	10281	0.4047835	0.0000000	10622.9489740	51.6630142
0.1750000	0.0004150	4.4992145	3.0000000	10282	0.4047512	0.0000000	10624.1390460	51.6637767
0.1750707	0.0004150	4.5000000	3.0000000	10283	0.4047190	0.0000000	10625.3291180	51.6645391
0.1749293	0.0004150	4.5000000	3.0000000	10284	0.4046838	0.0000000	10626.5101860	51.6652576
0.1750000	0.0004151	4.5000000	3.0000000	10285	0.4046487	0.0000000	10627.6912540	51.6659760
0.1750000	0.0004149	4.5000000	3.0000000	10286	0.4046108	0.0000000	10628.8630020	51.6666489
0.1750000	0.0004150	4.5007070	3.0000000	10287	0.4045757	0.0000000	10630.0133820	51.6672178
0.1750000	0.0004150	4.4992930	3.0000000	10288	0.4045406	0.0000000	10631.1637620	51.6677866
0.1750636	0.0004150	4.5000000	3.0000000	10289	0.4045130	0.0000000	10632.3145940	51.6683574
0.1749364	0.0004150	4.5000000	3.0000000	10290	0.4044854	0.0000000	10633.4654260	51.6689282
0.1750000	0.0004151	4.5000000	3.0000000	10291	0.4044513	0.0000000	10634.6066200	51.6694520
0.1750000	0.0004149	4.5000000	3.0000000	10292	0.4044172	0.0000000	10635.7478140	51.6699758
0.1750000	0.0004150	4.5006363	3.0000000	10293	0.4043821	0.0000000	10636.8794720	51.6704531
0.1750000	0.0004150	4.4993637	3.0000000	10294	0.4043445	0.0000000	10637.9932000	51.6708432
0.1750573	0.0004150	4.5000000	3.0000000	10295	0.4043055	0.0000000	10639.0924140	51.6711628
0.1749427	0.0004150	4.5000000	3.0000000	10296	0.4042665	0.0000000	10640.1916280	51.6714823
0.1750000	0.0004151	4.5000000	3.0000000	10297	0.4042284	0.0000000	10641.2859200	51.6717778
0.1750000	0.0004149	4.5000000	3.0000000	10298	0.4041903	0.0000000	10642.3802120	51.6720733
0.1750000	0.0004150	4.5005726	3.0000000	10299	0.4041522	0.0000000	10643.4745040	51.6723687
0.1750000	0.0004150	4.4994274	3.0000000	10300	0.4041173	0.0000000	10644.5725420	51.6726822
0.1750515	0.0004150	4.5000000	3.0000000	10301	0.4040824	0.0000000	10645.6705800	51.6729957
0.1749485	0.0004150	4.5000000	3.0000000	10302	0.4040491	0.0000000	10646.7709540	51.6733205
0.1750000	0.0004151	4.5000000	3.0000000	10303	0.4040174	0.0000000	10647.8738220	51.6736573
0.1750000	0.0004149	4.5000000	3.0000000	10304	0.4039875	0.0000000	10648.9792040	51.6740062
0.1750000	0.0004150	4.5005154	3.0000000	10305	0.4039575	0.0000000	10650.0845860	51.6743551
0.1750000	0.0004150	4.4994846	3.0000000	10306	0.4039292	0.0000000	10651.1924740	51.6747161
0.1750464	0.0004150	4.5000000	3.0000000	10307	0.4039009	0.0000000	10652.3003620	51.6750769
0.1749536	0.0004150	4.5000000	3.0000000	10308	0.4038742	0.0000000	10653.4107580	51.6754499
0.1750000	0.0004150	4.5000000	3.0000000	10309	0.4038475	0.0000000	10654.5211540	51.6758228
0.1750000	0.0004150	4.5000000	3.0000000	10310	0.4038224	0.0000000	10655.6340580	51.6762078
0.1750000	0.0004150	4.5004638	3.0000000	10311	0.4037973	0.0000000	10656.7469620	51.6765928
0.1750000	0.0004150	4.4995362	3.0000000	10312	0.4037737	0.0000000	10657.8623740	51.6769898
0.1750417	0.0004150	4.5000000	3.0000000	10313	0.4037502	0.0000000	10658.9777860	51.6773867
0.1749583	0.0004150	4.5000000	3.0000000	10314	0.4037280	0.0000000	10660.0957040	51.6777957
0.1750000	0.0004150	4.5000000	3.0000000	10315	0.4037059	0.0000000	10661.2136220	51.6782047
0.1750000	0.0004150	4.5000000	3.0000000	10316	0.4036851	0.0000000	10662.3340460	51.6786257
0.1750000	0.0004150	4.5004175	3.0000000	10317	0.4036644	0.0000000	10663.4544700	51.6790466
0.1750000	0.0004150	4.4995825	3.0000000	10318	0.4036449	0.0000000	10664.5773940	51.6794795
0.1750376	0.0004150	4.5000000	3.0000000	10319	0.4036266	0.0000000	10665.7028380	51.6799246
0.1749624	0.0004150	4.5000000	3.0000000	10320	0.4036094	0.0000000	10666.8307760	51.6803817
0.1750000	0.0004150	4.5000000	3.0000000	10321	0.4035941	0.0000000	10667.9636860	51.6808627
0.1750000	0.0004150	4.5000000	3.0000000	10322	0.4035814	0.0000000	10669.0990760	51.6813557
0.1750000	0.0004150	4.5003757	3.0000000	10323	0.4035701	0.0000000	10670.2369060	51.6818604
0.1750000	0.0004150	4.4996243	3.0000000	10324	0.4035588	0.0000000	10671.3747360	51.6823651
0.1750338	0.0004150	4.5000000	3.0000000	10325	0.4035501	0.0000000	10672.5150100	51.6828814
0.1749662	0.0004150	4.5000000	3.0000000	10326	0.4035415	0.0000000	10673.6552840	51.6833977
0.1750000	0.0004150	4.5000000	3.0000000	10327	0.4035353	0.0000000	10674.7979240	51.6839253
0.1750000	0.0004150	4.5000000	3.0000000	10328	0.4035315	0.0000000	10675.9430260	51.6844647
0.1750000	0.0004150	4.5003381	3.0000000	10329	0.4035299	0.0000000	10677.0904980	51.6850155
0.1750000	0.0004150	4.4996619	3.0000000	10330	0.4035300	0.0000000	10678.2403280	51.6855776
0.1750304	0.0004150	4.5000000	3.0000000	10331	0.4035317	0.0000000	10679.3925320	51.6861511
0.1749696	0.0004150	4.5000000	3.0000000	10332	0.4035347	0.0000000	10680.5471220	51.6867360
0.1750000	0.0004150	4.5000000	3.0000000	10333	0.4035386	0.0000000	10681.7041120	51.6873324
0.1750000	0.0004150	4.5000000	3.0000000	10334	0.4035425	0.0000000	10682.8611020	51.6879287
0.1750000	0.0004150	4.5003043	3.0000000	10335	0.4035470	0.0000000	10684.0205140	51.6885366
0.1750000	0.0004150	4.4996957	3.0000000	10336	0.4035520	0.0000000	10685.1823720	51.6891562
0.1750274	0.0004150	4.5000000	3.0000000	10337	0.4035570	0.0000000	10686.3442300	51.6897757
0.1749726	0.0004150	4.5000000	3.0000000	10338	0.4035621	0.0000000	10687.5085220	51.6904069
0.1750000	0.0004150	4.5000000	3.0000000	10339	0.4035670	0.0000000	10688.6752500	51.6910497
0.1750000	0.0004150	4.5000000	3.0000000	10340	0.4035715	0.0000000	10689.8444080	51.6917041
0.1750000	0.0004150	4.5002739	3.0000000	10341	0.4035760	0.0000000	10691.0135660	51.6923584
0.1750000	0.0004150	4.4997261	3.0000000	10342	0.4035798	0.0000000	10692.1851540	51.6930243
0.1750247	0.0004150	4.5000000	3.0000000	10343	0.4035827	0.0000000	10693.3591600	51.6937018
0.1749753	0.0004150	4.5000000	3.0000000	10344	0.4035855	0.0000000	10694.5331660	51.6943792
0.1750000	0.0004150	4.5000000	3.0000000	10345	0.4035872	0.0000000	10695.7095940	51.6950681
0.1750000	0.0004150	4.5000000	3.0000000	10346	0.4035873	0.0000000	10696.8884260	51.6957685
0.1750000	0.0004150	4.5002465	3.0000000	10347	0.4035858	0.0000000	10698.0696660	51.6964805
0.1750000	0.0004150	4.4997535	3.0000000	10348	0.4035824	0.0000000	10699.2533060	51.6972038
0.1750222	0.0004150	4.5000000	3.0000000	10349	0.4035790	0.0000000	10700.4369460	51.6979271
0.1749778	0.0004150	4.5000000	3.0000000	10350	0.4035736	0.0000000	10701.6229680	51.6986617
0.1750000	0.0004150	4.5000000	3.0000000	10351	0.4035681	0.0000000	10702.8089900	51.6993961
0.1750000	0.0004150	4.5000000	3.0000000	10352	0.4035605	0.0000000	10703.9973820	51.7001419
0.1750000	0.0004150	4.5002219	3.0000000	10353	0.4035478	0.0000000	10705.1905100	51.7009104
0.1750000	0.0004150	4.4997781	3.0000000	10354	0.4035351	0.0000000	10706.3836380	51.7016788
0.1750200	0.0004150	4.5000000	3.0000000	10355	0.4035173	0.0000000	10707.5696440	51.7024126
0.1749800	0.0004150	4.5000000	3.0000000	10356	0.4034995	0.0000000	10708.7556500	51.7031462
0.1750000	0.0004150	4.5000000	3.0000000	10357	0.4034793	0.0000000	10709.9324140	51.7038352
0.1750000	0.0004150	4.5000000	3.0000000	10358	0.4034566	0.0000000	10711.1002420	51.7044808
0.1750000	0.0004150	4.5001997	3.0000000	10359	0.4034315	0.0000000	10712.2587860	51.7050815
0.1750000	0.0004150	4.4998003	3.0000000	10360	0.4034064	0.0000000	10713.4173300	51.7056821
0.1750180	0.0004150	4.5000000	3.0000000	10361	0.4033789	0.0000000	10714.5613220	51.7062123
0.1749820	0.0004150	4.5000000	3.0000000	10362	0.4033515	0.0000000	10715.7053140	51.7067425
0.1750000	0.0004150	4.5000000	3.0000000	10363	0.4033218	0.0000000	10716.8428720	51.7072415
0.1750000	0.0004150	4.5000000	3.0000000	10364	0.4032921	0.0000000	10717.9804300	51.7077404
0.1750000	0.0004150	4.5001797	3.0000000	10365	0.4032602	0.0000000	10719.1189600	51.7082439
0.1750000	0.0004150	4.4998203	3.0000000	10366	0.4032263	0.0000000	10720.2596020	51.7087575
0.1750162	0.0004150	4.5000000	3.0000000	10367	0.4031914	0.0000000	10721.4025760	51.7092822
0.1749838	0.0004150	4.5000000	3.0000000	10368	0.4031566	0.0000000	10722.5455500	51.7098069
0.1750000	0.0004150	4.5000000	3.0000000	10369	0.4031205	0.0000000	10723.6909480	51.7103431
0.1750000	0.0004150	4.5000000	3.0000000	10370	0.4030845	0.0000000	10724.8363460	51.7108792
0.1750000	0.0004150	4.5001617	3.0000000	10371	0.4030483	0.0000000	10725.9841900	51.7114270
0.1750000	0.0004150	4.4998383	3.0000000	10372	0.4030120	0.0000000	10727.1344920	51.7119866
0.1750146	0.0004150	4.5000000	3.0000000	10373	0.4029758	0.0000000	10728.2872560	51.7125579
0.1749854	0.0004150	4.5000000	3.0000000	10374	0.4029398	0.0000000	10729.4424820	51.7131409
0.1750000	0.0004150	4.5000000	3.0000000	10375	0.4029041	0.0000000	10730.6026260	51.7137476
0.1750000	0.0004150	4.5000000	3.0000000	10376	0.4028687	0.0000000	10731.7652220	51.7143660
0.1750000	0.0004150	4.5001456	3.0000000	10377	0.4028336	0.0000000	10732.9302580	51.7149959
0.1750000	0.0004150	4.4998544	3.0000000	10378	0.4027990	0.0000000	10734.0977300	51.7156376
0.1750131	0.0004150	4.5000000	3.0000000	10379	0.4027652	0.0000000	10735.2700540	51.7163024
0.1749869	0.0004150	4.5000000	3.0000000	10380	0.4027320	0.0000000	10736.4447940	51.7169788
0.1750000	0.0004150	4.5000000	3.0000000	10381	0.4026993	0.0000000	10737.6219360	51.7176666
0.1750000	0.0004150	4.5000000	3.0000000	10382	0.4026672	0.0000000	10738.8014800	51.7183658
0.1750000	0.0004150	4.5001310	3.0000000	10383	0.4026362	0.0000000	10739.9858180	51.7190880
0.1750000	0.0004150	4.4998690	3.0000000	10384	0.4026058	0.0000000	10741.1725460	51.7198216
0.1750118	0.0004150	4.5000000	3.0000000	10385	0.4025760	0.0000000	10742.3616480	51.7205664
0.1749882	0.0004150	4.5000000	3.0000000	10386	0.4025467	0.0000000	10743.5531280	51.7213226
0.1750000	0.0004150	4.5000000	3.0000000	10387	0.4025185	0.0000000	10744.7493580	51.7221015
0.1750000	0.0004150	4.5000000	3.0000000	10388	0.4024909	0.0000000	10745.9479560	51.7228916
0.1750000	0.0004150	4.5001179	3.0000000	10389	0.4024637	0.0000000	10747.1489080	51.7236929
0.1750000	0.0004150	4.4998821	3.0000000	10390	0.4024369	0.0000000	10748.3522160	51.7245054
0.1750106	0.0004150	4.5000000	3.0000000	10391	0.4024108	0.0000000	10749.5602260	51.7253403
0.1749894	0.0004150	4.5000000	3.0000000	10392	0.4023851	0.0000000	10750.7705820	51.7261864
0.1750000	0.0004150	4.5000000	3.0000000	10393	0.4023596	0.0000000	10751.9832720	51.7270435
0.1750000	0.0004150	4.5000000	3.0000000	10394	0.4023350	0.0000000	10753.1982980	51.7279118
0.1750000	0.0004150	4.5001061	3.0000000	10395	0.4023164	0.0000000	10754.4179800	51.7288022
0.1750000	0.0004150	4.4998939	3.0000000	10396	0.4023023	0.0000000	10755.6399720	51.7297036
0.1750096	0.0004150	4.5000000	3.0000000	10397	0.4022924	0.0000000	10756.8637480	51.7306134
0.1749904	0.0004150	4.5000000	3.0000000	10398	0.4022864	0.0000000	10758.0781320	51.7314778
0.1750000	0.0004150	4.5000000	3.0000000	10399	0.4022871	0.0000000	10759.2738960	51.7322526
0.1750000	0.0004150	4.5000000	3.0000000	10400	0.4022907	0.0000000	10760.4596440	51.7329791
0.1750000	0.0004150	4.5000955	3.0000000	10401	0.4022967	0.0000000	10761.6320840	51.7336414
0.1750000	0.0004150	4.4999045	3.0000000	10402	0.4023046	0.0000000	10762.7954960	51.7342602
0.1750086	0.0004150	4.5000000	3.0000000	10403	0.4023152	0.0000000	10763.9350880	51.7347644
0.1749914	0.0004150	4.5000000	3.0000000	10404	0.4023266	0.0000000	10765.0682940	51.7352379
0.1750000	0.0004150	4.5000000	3.0000000	10405	0.4023383	0.0000000	10766.2023980	51.7357155
0.1750000	0.0004150	4.5000000	3.0000000	10406	0.4023498	0.0000000	10767.3386140	51.7362032
0.1750000	0.0004150	4.5000860	3.0000000	10407	0.4023601	0.0000000	10768.4796560	51.7367140
0.1750000	0.0004150	4.4999140	3.0000000	10408	0.4023693	0.0000000	10769.6231720	51.7372366
0.1750077	0.0004150	4.5000000	3.0000000	10409	0.4023784	0.0000000	10770.7666880	51.7377591
0.1749923	0.0004150	4.5000000	3.0000000	10410	0.4023860	0.0000000	10771.9126880	51.7382934
0.1750000	0.0004150	4.5000000	3.0000000	10411	0.4023935	0.0000000	10773.0586880	51.7388276
0.1750000	0.0004150	4.5000000	3.0000000	10412	0.4024011	0.0000000	10774.2046880	51.7393617
0.1750000	0.0004150	4.5000774	3.0000000	10413	0.4024027	0.0000000	10775.3556380	51.7399195
0.1750000	0.0004150	4.4999226	3.0000000	10414	0.4024005	0.0000000	10776.5090580	51.7404890
0.1750070	0.0004150	4.5000000	3.0000000	10415	0.4023943	0.0000000	10777.6645840	51.7410686
0.1749930	0.0004150	4.5000000	3.0000000	10416	0.4023841	0.0000000	10778.8111100	51.7416048
0.1750000	0.0004150	4.5000000	3.0000000	10417	0.4023738	0.0000000	10779.9576360	51.7421409
0.1750000	0.0004150	4.5000000	3.0000000	10418	0.4023594	0.0000000	10781.0951240	51.7426335
0.1750000	0.0004150	4.5000696	3.0000000	10419	0.4023451	0.0000000	10782.2326120	51.7431261
0.1750000	0.0004150	4.4999304	3.0000000	10420	0.4023266	0.0000000	10783.3586520	51.7435636
0.1750063	0.0004150	4.5000000	3.0000000	10421	0.4023081	0.0000000	10784.4846920	51.7440010
0.1749937	0.0004150	4.5000000	3.0000000	10422	0.4022855	0.0000000	10785.5962740	51.7443690
0.1750000	0.0004150	4.5000000	3.0000000	10423	0.4022630	0.0000000	10786.7078560	51.7447369
0.1750000	0.0004150	4.5000000	3.0000000	10424	0.4022364	0.0000000	10787.8123460	51.7450707
0.1750000	0.0004150	4.5000627	3.0000000	10425	0.4022099	0.0000000	10788.9168360	51.7454045
0.1750000	0.0004150	4.4999373	3.0000000	10426	0.4021794	0.0000000	10790.0192940	51.7457284
0.1750056	0.0004150	4.5000000	3.0000000	10427	0.4021489	0.0000000	10791.1217520	51.7460523
0.1749944	0.0004150	4.5000000	3.0000000	10428	0.4021146	0.0000000	10792.2231160	51.7463709
0.1750000	0.0004150	4.5000000	3.0000000	10429	0.4020803	0.0000000	10793.3244800	51.7466894
0.1750000	0.0004150	4.5000000	3.0000000	10430	0.4020423	0.0000000	10794.4253960	51.7470057
0.1750000	0.0004150	4.5000564	3.0000000	10431	0.4020069	0.0000000	10795.5266560	51.7473236
0.1750000	0.0004150	4.4999436	3.0000000	10432	0.4019749	0.0000000	10796.6299500	51.7476512
0.1750051	0.0004150	4.5000000	3.0000000	10433	0.4019493	0.0000000	10797.7360340	51.7479921
0.1749949	0.0004150	4.5000000	3.0000000	10434	0.4019265	0.0000000	10798.8435520	51.7483398
0.1750000	0.0004150	4.5000000	3.0000000	10435	0.4019062	0.0000000	10799.9528620	51.7486960
0.1750000	0.0004150	4.5000000	3.0000000	10436	0.4018858	0.0000000	10801.0621720	51.7490522
0.1750000	0.0004150	4.5000508	3.0000000	10437	0.4018676	0.0000000	10802.1627500	51.7493664
0.1750000	0.0004150	4.4999492	3.0000000	10438	0.4018494	0.0000000	10803.2633280	51.7496806
0.1750046	0.0004150	4.5000000	3.0000000	10439	0.4018330	0.0000000	10804.3546480	51.7499504
0.1749954	0.0004150	4.5000000	3.0000000	10440	0.4018165	0.0000000	10805.4459680	51.7502202
0.1750000	0.0004150	4.5000000	3.0000000	10441	0.4018016	0.0000000	10806.5226960	51.7504200
0.1750000	0.0004150	4.5000000	3.0000000	10442	0.4017867	0.0000000	10807.5994240	51.7506197
0.1750000	0.0004150	4.5000457	3.0000000	10443	0.4017730	0.0000000	10808.6722200	51.7508006
0.1750000	0.0004150	4.4999543	3.0000000	10444	0.4017592	0.0000000	10809.7450160	51.7509815
0.1750041	0.0004150	4.5000000	3.0000000	10445	0.4017464	0.0000000	10810.8194780	51.7511703
0.1749959	0.0004150	4.5000000	3.0000000	10446	0.4017342	0.0000000	10811.8963360	51.7513706
0.1750000	0.0004150	4.5000000	3.0000000	10447	0.4017224	0.0000000	10812.9757280	51.7515829
0.1750000	0.0004150	4.5000000	3.0000000	10448	0.4017106	0.0000000	10814.0551200	51.7517952
0.1750000	0.0004150	4.5000411	3.0000000	10449	0.4016989	0.0000000	10815.1370920	51.7520198
0.1750000	0.0004150	4.4999589	3.0000000	10450	0.4016872	0.0000000	10816.2190640	51.7522443
0.1750037	0.0004150	4.5000000	3.0000000	10451	0.4016752	0.0000000	10817.3036320	51.7524813
0.1749963	0.0004150	4.5000000	3.0000000	10452	0.4016637	0.0000000	10818.3907980	51.7527306
0.1750000	0.0004150	4.5000000	3.0000000	10453	0.4016478	0.0000000	10819.4805660	51.7529923
0.1750000	0.0004150	4.5000000	3.0000000	10454	0.4016283	0.0000000	10820.5729200	51.7532663
0.1750000	0.0004150	4.5000370	3.0000000	10455	0.4016050	0.0000000	10821.6676600	51.7535517
0.1750000	0.0004150	4.4999630	3.0000000	10456	0.4015817	0.0000000	10822.7624000	51.7538370
0.1750033	0.0004150	4.5000000	3.0000000	10457	0.4015546	0.0000000	10823.8482980	51.7540800
0.1749967	0.0004150	4.5000000	3.0000000	10458	0.4015235	0.0000000	10824.9247460	51.7542778
0.1750000	0.0004150	4.5000000	3.0000000	10459	0.4014923	0.0000000	10826.0011940	51.7544755
0.1750000	0.0004150	4.5000000	3.0000000	10460	0.4014572	0.0000000	10827.0630980	51.7546037
0.1750000	0.0004150	4.5000333	3.0000000	10461	0.4014197	0.0000000	10828.1191740	51.7547040
0.1750000	0.0004150	4.4999667	3.0000000	10462	0.4013862	0.0000000	10829.1769060	51.7548122
0.1750030	0.0004150	4.5000000	3.0000000	10463	0.4013568	0.0000000	10830.2342240	51.7549184
0.1749970	0.0004150	4.5000000	3.0000000	10464	0.4013274	0.0000000	10831.2915420	51.7550246
0.1750000	0.0004150	4.5000000	3.0000000	10465	0.4013020	0.0000000	10832.3475800	51.7551246
0.1750000	0.0004150	4.5000000	3.0000000	10466	0.4012765	0.0000000	10833.4036180	51.7552246
0.1750000	0.0004150	4.5000300	3.0000000	10467	0.4012549	0.0000000	10834.4585680	51.7553194
0.1750000	0.0004150	4.4999700	3.0000000	10468	0.4012372	0.0000000	10835.5130740	51.7554121
0.1750027	0.0004150	4.5000000	3.0000000	10469	0.4012231	0.0000000	10836.5696360	51.7555145
0.1749973	0.0004150	4.5000000	3.0000000	10470	0.4012090	0.0000000	10837.6261980	51.7556170
0.1750000	0.0004150	4.5000000	3.0000000	10471	0.4011984	0.0000000	10838.6832740	51.7557219
0.1750000	0.0004150	4.5000000	3.0000000	10472	0.4011878	0.0000000	10839.7403500	51.7558267
0.1750000	0.0004150	4.5000270	3.0000000	10473	0.4011805	0.0000000	10840.7984160	51.7559363
0.1750000	0.0004150	4.4999730	3.0000000	10474	0.4011732	0.0000000	10841.8564820	51.7560458
0.1750024	0.0004150	4.5000000	3.0000000	10475	0.4011690	0.0000000	10842.9164000	51.7561642
0.1749976	0.0004150	4.5000000	3.0000000	10476	0.4011678	0.0000000	10843.9788240	51.7562945
0.1750000	0.0004150	4.5000000	3.0000000	10477	0.4011692	0.0000000	10845.0437440	51.7564367
0.1750000	0.0004150	4.5000000	3.0000000	10478	0.4011707	0.0000000	10846.1086640	51.7565789
0.1750000	0.0004150	4.5000243	3.0000000	10479	0.4011746	0.0000000	10847.1761000	51.7567330
0.1750000	0.0004150	4.4999757	3.0000000	10480	0.4011785	0.0000000	10848.2435360	51.7568871
0.1750022	0.0004150	4.5000000	3.0000000	10481	0.4011845	0.0000000	10849.3135060	51.7570533
0.1749978	0.0004150	4.5000000	3.0000000	10482	0.4011925	0.0000000	10850.3861000	51.7572319
0.1750000	0.0004150	4.5000000	3.0000000	10483	0.4012023	0.0000000	10851.4612500	51.7574227
0.1750000	0.0004150	4.5000000	3.0000000	10484	0.4012133	0.0000000	10852.5389520	51.7576257
0.1750000	0.0004150	4.5000218	3.0000000	10485	0.4012244	0.0000000	10853.6166540	51.7578286
0.1750000	0.0004150	4.4999782	3.0000000	10486	0.4012374	0.0000000	10854.6995020	51.7580560
0.1750020	0.0004150	4.5000000	3.0000000	10487	0.4012503	0.0000000	10855.7823500	51.7582834
0.1749980	0.0004150	4.5000000	3.0000000	10488	0.4012637	0.0000000	10856.8677360	51.7585228
0.1750000	0.0004150	4.5000000	3.0000000	10489	0.4012770	0.0000000	10857.9531220	51.7587621
0.1750000	0.0004150	4.5000000	3.0000000	10490	0.4012905	0.0000000	10859.0410960	51.7590138
0.1750000	0.0004150	4.5000197	3.0000000	10491	0.4013040	0.0000000	10860.1290700	51.7592654
0.1750000	0.0004150	4.4999803	3.0000000	10492	0.4013174	0.0000000	10861.2196400	51.7595294
0.1750018	0.0004150	4.5000000	3.0000000	10493	0.4013295	0.0000000	10862.3153900	51.7598179
0.1749982	0.0004150	4.5000000	3.0000000	10494	0.4013405	0.0000000	10863.4137220	51.7601187
0.1750000	0.0004150	4.5000000	3.0000000	10495	0.4013503	0.0000000	10864.5146360	51.7604318
0.1750000	0.0004150	4.5000000	3.0000000	10496	0.4013584	0.0000000	10865.6181240	51.7607571
0.1750000	0.0004150	4.5000177	3.0000000	10497	0.4013628	0.0000000	10866.7267380	51.7611067
0.1750000	0.0004150	4.4999823	3.0000000	10498	0.4013649	0.0000000	10867.8379060	51.7614684
0.1750016	0.0004150	4.5000000	3.0000000	10499	0.4013647	0.0000000	10868.9515120	51.7618417
0.1749984	0.0004150	4.5000000	3.0000000	10500	0.4013621	0.0000000	10870.0653460	51.7622159
0.1750000	0.0004150	4.5000000	3.0000000	10501	0.4013542	0.0000000	10871.1837320	51.7626118
0.1750000	0.0004150	4.5000000	3.0000000	10502	0.4013435	0.0000000	10872.3045940	51.7630194
0.1750000	0.0004150	4.5000159	3.0000000	10503	0.4013301	0.0000000	10873.4277140	51.7634377
0.1750000	0.0004150	4.4999841	3.0000000	10504	0.4013140	0.0000000	10874.5420620	51.7638141
0.1750014	0.0004150	4.5000000	3.0000000	10505	0.4012939	0.0000000	10875.6326060	51.7640771
0.1749986	0.0004150	4.5000000	3.0000000	10506	0.4012725	0.0000000	10876.7185860	51.7643184
0.1750000	0.0004150	4.5000000	3.0000000	10507	0.4012511	0.0000000	10877.8045660	51.7645597
0.1750000	0.0004150	4.5000000	3.0000000	10508	0.4012290	0.0000000	10878.8921040	51.7648083
0.1750000	0.0004150	4.5000143	3.0000000	10509	0.4012070	0.0000000	10879.9796420	51.7650568
0.1750000	0.0004150	4.4999857	3.0000000	10510	0.4011846	0.0000000	10881.0720300	51.7653284
0.1750013	0.0004150	4.5000000	3.0000000	10511	0.4011622	0.0000000	10882.1644180	51.7655999
0.1749987	0.0004150	4.5000000	3.0000000	10512	0.4011396	0.0000000	10883.2593520	51.7658835
0.1750000	0.0004150	4.5000000	3.0000000	10513	0.4011171	0.0000000	10884.3542860	51.7661671
0.1750000	0.0004150	4.5000000	3.0000000	10514	0.4010944	0.0000000	10885.4517740	51.7664627
0.1750000	0.0004150	4.5000129	3.0000000	10515	0.4010718	0.0000000	10886.5492620	51.7667583
0.1750000	0.0004150	4.4999871	3.0000000	10516	0.4010490	0.0000000	10887.6493100	51.7670659
0.1750012	0.0004150	4.5000000	3.0000000	10517	0.4010262	0.0000000	10888.7493580	51.7673736
0.1749988	0.0004150	4.5000000	3.0000000	10518	0.4010032	0.0000000	10889.8545280	51.7677055
0.1750000	0.0004150	4.5000000	3.0000000	10519	0.4009802	0.0000000	10890.9596980	51.7680374
0.1750000	0.0004150	4.5000000	3.0000000	10520	0.4009570	0.0000000	10892.0674300	51.7683813
0.1750000	0.0004150	4.5000116	3.0000000	10521	0.4009339	0.0000000	10893.1751620	51.7687252
0.1750000	0.0004150	4.4999884	3.0000000	10522	0.4009106	0.0000000	10894.2854500	51.7690812
0.1750010	0.0004150	4.5000000	3.0000000	10523	0.4008874	0.0000000	10895.3957380	51.7694371
0.1749990	0.0004150	4.5000000	3.0000000	10524	0.4008639	0.0000000	10896.5111240	51.7698172
0.1750000	0.0004150	4.5000000	3.0000000	10525	0.4008403	0.0000000	10897.6290480	51.7702093
0.1750000	0.0004150	4.5000000	3.0000000	10526	0.4008167	0.0000000	10898.7469720	51.7706012
0.1750000	0.0004150	4.5000104	3.0000000	10527	0.4007929	0.0000000	10899.8674300	51.7710052
0.1750000	0.0004150	4.4999896	3.0000000	10528	0.4007692	0.0000000	10900.9878880	51.7714090
0.1750009	0.0004150	4.5000000	3.0000000	10529	0.4007454	0.0000000	10902.1108720	51.7718248
0.1749991	0.0004150	4.5000000	3.0000000	10530	0.4007215	0.0000000	10903.2338560	51.7722405
0.1750000	0.0004150	4.5000000	3.0000000	10531	0.4006974	0.0000000	10904.3618760	51.7726801
0.1750000	0.0004150	4.5000000	3.0000000	10532	0.4006732	0.0000000	10905.4924060	51.7731314
0.1750000	0.0004150	4.5000094	3.0000000	10533	0.4006489	0.0000000	10906.6254400	51.7735946
0.1750000	0.0004150	4.4999906	3.0000000	10534	0.4006244	0.0000000	10907.7609740	51.7740696
0.1750008	0.0004150	4.5000000	3.0000000	10535	0.4005997	0.0000000	10908.9014940	51.7745681
0.1749992	0.0004150	4.5000000	3.0000000	10536	0.4005748	0.0000000	10910.0445000	51.7750783
0.1750000	0.0004150	4.5000000	3.0000000	10537	0.4005498	0.0000000	10911.1899860	51.7756002
0.1750000	0.0004150	4.5000000	3.0000000	10538	0.4005247	0.0000000	10912.3379500	51.7761338
0.1750000	0.0004150	4.5000085	3.0000000	10539	0.4004993	0.0000000	10913.4908520	51.7766906
0.1750000	0.0004150	4.4999915	3.0000000	10540	0.4004738	0.0000000	10914.6462140	51.7772591
0.1750008	0.0004150	4.5000000	3.0000000	10541	0.4004482	0.0000000	10915.8040320	51.7778391
0.1749992	0.0004150	4.5000000	3.0000000	10542	0.4004224	0.0000000	10916.9643000	51.7784306
0.1750000	0.0004150	4.5000000	3.0000000	10543	0.4003964	0.0000000	10918.1294560	51.7790451
0.1750000	0.0004150	4.5000000	3.0000000	10544	0.4003703	0.0000000	10919.2970460	51.7796711
0.1750000	0.0004150	4.5000076	3.0000000	10545	0.4003441	0.0000000	10920.4670660	51.7803085
0.1750000	0.0004150	4.4999924	3.0000000	10546	0.4003179	0.0000000	10921.6370860	51.7809458
0.1750007	0.0004150	4.5000000	3.0000000	10547	0.4002916	0.0000000	10922.8095320	51.7815944
0.1749993	0.0004150	4.5000000	3.0000000	10548	0.4002653	0.0000000	10923.9819780	51.7822430
0.1750000	0.0004150	4.5000000	3.0000000	10549	0.4002389	0.0000000	10925.1568440	51.7829029
0.1750000	0.0004150	4.5000000	3.0000000	10550	0.4002124	0.0000000	10926.3341240	51.7835740
0.1750000	0.0004150	4.5000069	3.0000000	10551	0.4001858	0.0000000	10927.5138140	51.7842565
0.1750000	0.0004150	4.4999931	3.0000000	10552	0.4001592	0.0000000	10928.6959100	51.7849503
0.1750006	0.0004150	4.5000000	3.0000000	10553	0.4001324	0.0000000	10929.8804060	51.7856553
0.1749994	0.0004150	4.5000000	3.0000000	10554	0.4001056	0.0000000	10931.0672960	51.7863715
0.1750000	0.0004150	4.5000000	3.0000000	10555	0.4000787	0.0000000	10932.2541860	51.7870876
0.1750000	0.0004150	4.5000000	3.0000000	10556	0.4000521	0.0000000	10933.4434660	51.7878148
0.1750000	0.0004150	4.5000062	3.0000000	10557	0.4000256	0.0000000	10934.6327460	51.7885419
0.1750000	0.0004150	4.4999938	3.0000000	10558	0.4000002	0.0000000	10935.8244100	51.7892802
0.1750006	0.0004150	4.5000000	3.0000000	10559	0.3999758	0.0000000	10937.0184540	51.7900296
0.1749994	0.0004150	4.5000000	3.0000000	10560	0.3999535	0.0000000	10938.2148540	51.7907900
0.1750000	0.0004150	4.5000000	3.0000000	10561	0.3999312	0.0000000	10939.4112540	51.7915503
0.1750000	0.0004150	4.5000000	3.0000000	10562	0.3999111	0.0000000	10940.6099520	51.7923213
0.1750000	0.0004150	4.5000056	3.0000000	10563	0.3998910	0.0000000	10941.8086500	51.7930922
0.1750000	0.0004150	4.4999944	3.0000000	10564	0.3998730	0.0000000	10943.0096200	51.7938736
0.1750005	0.0004150	4.5000000	3.0000000	10565	0.3998551	0.0000000	10944.2105900	51.7946549
0.1749995	0.0004150	4.5000000	3.0000000	10566	0.3998390	0.0000000	10945.4138340	51.7954469
0.1750000	0.0004150	4.5000000	3.0000000	10567	0.3998249	0.0000000	10946.6194160	51.7962497
0.1750000	0.0004150	4.5000000	3.0000000	10568	0.3998124	0.0000000	10947.8272840	51.7970632
0.1750000	0.0004150	4.5000050	3.0000000	10569	0.3998015	0.0000000	10949.0374300	51.7978874
0.1750000	0.0004150	4.4999950	3.0000000	10570	0.3997906	0.0000000	10950.2475760	51.7987113
0.1750004	0.0004150	4.5000000	3.0000000	10571	0.3997811	0.0000000	10951.4600080	51.7995460
0.1749996	0.0004150	4.5000000	3.0000000	10572	0.3997716	0.0000000	10952.6724400	51.8003804
0.1750000	0.0004150	4.5000000	3.0000000	10573	0.3997642	0.0000000	10953.8894560	51.8012364
0.1750000	0.0004150	4.5000000	3.0000000	10574	0.3997568	0.0000000	10955.1064720	51.8020923
0.1750000	0.0004150	4.5000045	3.0000000	10575	0.3997502	0.0000000	10956.3257260	51.8029585
0.1750000	0.0004150	4.4999955	3.0000000	10576	0.3997436	0.0000000	10957.5449800	51.8038246
0.1750004	0.0004150	4.5000000	3.0000000	10577	0.3997374	0.0000000	10958.7665320	51.8047014
0.1749996	0.0004150	4.5000000	3.0000000	10578	0.3997313	0.0000000	10959.9880840	51.8055780
0.1750000	0.0004150	4.5000000	3.0000000	10579	0.3997255	0.0000000	10961.2119420	51.8064654
0.1750000	0.0004150	4.5000000	3.0000000	10580	0.3997196	0.0000000	10962.4358000	51.8073526
0.1750000	0.0004150	4.5000040	3.0000000	10581	0.3997139	0.0000000	10963.6619680	51.8082505
0.1750000	0.0004150	4.4999960	3.0000000	10582	0.3997082	0.0000000	10964.8881360	51.8091483
0.1750004	0.0004150	4.5000000	3.0000000	10583	0.3997023	0.0000000	10966.1166100	51.8100567
0.1749996	0.0004150	4.5000000	3.0000000	10584	0.3996962	0.0000000	10967.3473880	51.8109759
0.1750000	0.0004150	4.5000000	3.0000000	10585	0.3996895	0.0000000	10968.5804660	51.8119058
0.1750000	0.0004150	4.5000000	3.0000000	10586	0.3996821	0.0000000	10969.8158420	51.8128464
0.1750000	0.0004150	4.5000036	3.0000000	10587	0.3996747	0.0000000	10971.0512180	51.8137868
0.1750000	0.0004150	4.4999964	3.0000000	10588	0.3996664	0.0000000	10972.2888840	51.8147378
0.1750003	0.0004150	4.5000000	3.0000000	10589	0.3996581	0.0000000	10973.5265500	51.8156887
0.1749997	0.0004150	4.5000000	3.0000000	10590	0.3996488	0.0000000	10974.7665020	51.8166502
0.1750000	0.0004150	4.5000000	3.0000000	10591	0.3996383	0.0000000	10976.0087280	51.8176222
0.1750000	0.0004150	4.5000000	3.0000000	10592	0.3996263	0.0000000	10977.2532280	51.8186047
0.1750000	0.0004150	4.5000033	3.0000000	10593	0.3996129	0.0000000	10978.4999920	51.8195978
0.1750000	0.0004150	4.4999967	3.0000000	10594	0.3995960	0.0000000	10979.7512640	51.8206120
0.1750003	0.0004150	4.5000000	3.0000000	10595	0.3995774	0.0000000	10981.0047800	51.8216365
0.1749997	0.0004150	4.5000000	3.0000000	10596	0.3995570	0.0000000	10982.2604340	51.8226710
0.1750000	0.0004150	4.5000000	3.0000000	10597	0.3995348	0.0000000	10983.5182900	51.8237156
0.1750000	0.0004150	4.5000000	3.0000000	10598	0.3995089	0.0000000	10984.7805720	51.8247810
0.1750000	0.0004150	4.5000030	3.0000000	10599	0.3994812	0.0000000	10986.0450640	51.8258565
0.1750000	0.0004150	4.4999970	3.0000000	10600	0.3994518	0.0000000	10987.3116400	51.8269417
0.1750003	0.0004150	4.5000000	3.0000000	10601	0.3994209	0.0000000	10988.5793940	51.8280322
0.1749997	0.0004150	4.5000000	3.0000000	10602	0.3993887	0.0000000	10989.8490840	51.8291317
0.1750000	0.0004150	4.5000000	3.0000000	10603	0.3993564	0.0000000	10991.1187740	51.8302309
0.1750000	0.0004150	4.5000000	3.0000000	10604	0.3993238	0.0000000	10992.3905860	51.8313400
0.1750000	0.0004150	4.5000027	3.0000000	10605	0.3992913	0.0000000	10993.6645800	51.8324591
0.1750000	0.0004150	4.4999973	3.0000000	10606	0.3992600	0.0000000	10994.9407700	51.8335884
0.1750002	0.0004150	4.5000000	3.0000000	10607	0.3992287	0.0000000	10996.2169600	51.8347175
0.1749998	0.0004150	4.5000000	3.0000000	10608	0.3991988	0.0000000	10997.4953200	51.8358565
0.1750000	0.0004150	4.5000000	3.0000000	10609	0.3991690	0.0000000	10998.7736800	51.8369954
0.1750000	0.0004150	4.5000000	3.0000000	10610	0.3991406	0.0000000	11000.0541820	51.8381441
0.1750000	0.0004150	4.5000024	3.0000000	10611	0.3991137	0.0000000	11001.3368640	51.8393029
0.1750000	0.0004150	4.4999976	3.0000000	10612	0.3990883	0.0000000	11002.6216940	51.8404716
0.1750002	0.0004150	4.5000000	3.0000000	10613	0.3990644	0.0000000	11003.9086560	51.8416501
0.1749998	0.0004150	4.5000000	3.0000000	10614	0.3990418	0.0000000	11005.1977480	51.8428385
0.1750000	0.0004150	4.5000000	3.0000000	10615	0.3990205	0.0000000	11006.4889700	51.8440366
0.1750000	0.0004150	4.5000000	3.0000000	10616	0.3989993	0.0000000	11007.7801920	51.8452345
0.1750000	0.0004150	4.5000022	3.0000000	10617	0.3989793	0.0000000	11009.0735440	51.8464422
0.1750000	0.0004150	4.4999978	3.0000000	10618	0.3989593	0.0000000	11010.3668960	51.8476497
0.1750002	0.0004150	4.5000000	3.0000000	10619	0.3989404	0.0000000	11011.6623780	51.8488670
0.1749998	0.0004150	4.5000000	3.0000000	10620	0.3989216	0.0000000	11012.9578600	51.8500841
0.1750000	0.0004150	4.5000000	3.0000000	10621	0.3989047	0.0000000	11014.2576020	51.8513210
0.1750000	0.0004150	4.5000000	3.0000000	10622	0.3988886	0.0000000	11015.5594920	51.8525677
0.1750000	0.0004150	4.5000019	3.0000000	10623	0.3988733	0.0000000	11016.8634640	51.8538241
0.1750000	0.0004150	4.4999981	3.0000000	10624	0.3988585	0.0000000	11018.1695560	51.8550902
0.1750002	0.0004150	4.5000000	3.0000000	10625	0.3988443	0.0000000	11019.4799000	51.8563760
0.1749998	0.0004150	4.5000000	3.0000000	10626	0.3988302	0.0000000	11020.7923660	51.8576716
0.1750000	0.0004150	4.5000000	3.0000000	10627	0.3988161	0.0000000	11022.1069500	51.8589769
0.1750000	0.0004150	4.5000000	3.0000000	10628	0.3988020	0.0000000	11023.4215340	51.8602820
0.1750000	0.0004150	4.5000017	3.0000000	10629	0.3987876	0.0000000	11024.7382420	51.8615968
0.1750000	0.0004150	4.4999983	3.0000000	10630	0.3987733	0.0000000	11026.0549500	51.8629113
0.1750002	0.0004150	4.5000000	3.0000000	10631	0.3987586	0.0000000	11027.3737800	51.8642356
0.1749998	0.0004150	4.5000000	3.0000000	10632	0.3987429	0.0000000	11028.6968360	51.8655796
0.1750000	0.0004150	4.5000000	3.0000000	10633	0.3987271	0.0000000	11030.0198920	51.8669232
0.1750000	0.0004150	4.5000000	3.0000000	10634	0.3987106	0.0000000	11031.3450480	51.8682765
0.1750000	0.0004150	4.5000016	3.0000000	10635	0.3986941	0.0000000	11032.6702040	51.8696295
0.1750000	0.0004150	4.4999984	3.0000000	10636	0.3986768	0.0000000	11033.9974580	51.8709922
0.1750001	0.0004150	4.5000000	3.0000000	10637	0.3986595	0.0000000	11035.3247120	51.8723546
0.1749999	0.0004150	4.5000000	3.0000000	10638	0.3986403	0.0000000	11036.6561520	51.8737364
0.1750000	0.0004150	4.5000000	3.0000000	10639	0.3986200	0.0000000	11037.9896780	51.8751277
0.1750000	0.0004150	4.5000000	3.0000000	10640	0.3985985	0.0000000	11039.3252580	51.8765285
0.1750000	0.0004150	4.5000014	3.0000000	10641	0.3985770	0.0000000	11040.6608380	51.8779289
0.1750000	0.0004150	4.4999986	3.0000000	10642	0.3985543	0.0000000	11041.9984820	51.8793389
0.1750001	0.0004150	4.5000000	3.0000000	10643	0.3985317	0.0000000	11043.3361260	51.8807485
0.1749999	0.0004150	4.5000000	3.0000000	10644	0.3985066	0.0000000	11044.6778960	51.8821773
0.1750000	0.0004150	4.5000000	3.0000000	10645	0.3984802	0.0000000	11046.0217280	51.8836154
0.1750000	0.0004150	4.5000000	3.0000000	10646	0.3984531	0.0000000	11047.3675600	51.8850627
0.1750000	0.0004150	4.5000013	3.0000000	10647	0.3984260	0.0000000	11048.7133920	51.8865098
0.1750000	0.0004150	4.4999987	3.0000000	10648	0.3983990	0.0000000	11050.0612660	51.8879661
0.1750001	0.0004150	4.5000000	3.0000000	10649	0.3983720	0.0000000	11051.4091400	51.8894222
0.1749999	0.0004150	4.5000000	3.0000000	10650	0.3983456	0.0000000	11052.7590620	51.8908876
0.1750000	0.0004150	4.5000000	3.0000000	10651	0.3983191	0.0000000	11054.1089840	51.8923528
0.1750000	0.0004150	4.5000000	3.0000000	10652	0.3982953	0.0000000	11055.4629820	51.8938368
0.1750000	0.0004150	4.5000011	3.0000000	10653	0.3982715	0.0000000	11056.8169800	51.8953205
0.1750000	0.0004150	4.4999989	3.0000000	10654	0.3982489	0.0000000	11058.1728840	51.8968129
0.1750001	0.0004150	4.5000000	3.0000000	10655	0.3982264	0.0000000	11059.5287880	51.8983050
0.1749999	0.0004150	4.5000000	3.0000000	10656	0.3982049	0.0000000	11060.8866720	51.8998061
0.1750000	0.0004150	4.5000000	3.0000000	10657	0.3981835	0.0000000	11062.2445560	51.9013069
0.1750000	0.0004150	4.5000000	3.0000000	10658	0.3981640	0.0000000	11063.6064320	51.9028262
0.1750000	0.0004150	4.5000010	3.0000000	10659	0.3981453	0.0000000	11064.9703280	51.9043547
0.1750000	0.0004150	4.4999990	3.0000000	10660	0.3981266	0.0000000	11066.3342240	51.9058829
0.1750001	0.0004150	4.5000000	3.0000000	10661	0.3981086	0.0000000	11067.7001220	51.9074201
0.1749999	0.0004150	4.5000000	3.0000000	10662	0.3980906	0.0000000	11069.0660200	51.9089571
0.1750000	0.0004150	4.5000000	3.0000000	10663	0.3980732	0.0000000	11070.4339200	51.9105032
0.1750000	0.0004150	4.5000000	3.0000000	10664	0.3980557	0.0000000	11071.8018200	51.9120490
0.1750000	0.0004150	4.5000009	3.0000000	10665	0.3980390	0.0000000	11073.1737180	51.9136133
0.1750000	0.0004150	4.4999991	3.0000000	10666	0.3980225	0.0000000	11074.5476200	51.9151867
0.1750000	0.0004150	4.5000000	2.0000000	10000	0.4311408	0.0000000	9955.5639140	49.7778196
0.1850000	0.0004150	4.5000000	2.0000000	3482	1.5595509	0.0000084	14012.0015020	201.2062249
0.1750000	0.0004150	4.5000000	3.0000000	10000	0.3995321	0.0000000	10430.8243900	52.1541219
0.1850000	0.0004150	4.5000000	3.0000000	10000	0.7812559	0.0000000	21542.3579240	107.7117896
0.1650000	0.0004150	4.5000000	3.0000000	10000	1.1925784	0.0000000	32606.3553660	163.0317768
0.1750000	0.0004250	4.5000000	3.0000000	10000	1.5898651	0.0000000	43625.2702460	218.1263512
0.1750000	0.0004050	4.5000000	3.0000000	10000	1.9827146	0.0000000	54590.6180240	272.9530901
0.1750000	0.0004150	4.6000000	3.0000000	10000	2.3828403	0.0000000	65476.9507840	327.3847539
0.1750000	0.0004150	4.4000000	3.0000000	10000	2.7985866	0.0000000	76249.1051080	381.2455255
0.1840000	0.0004150	4.5000000	3.0000000	10000	3.2051727	0.0000000	86762.7631480	433.8138157
0.1660000	0.0004150	4.5000000	3.0000000	10000	3.6110008	0.0000000	97548.1129660	487.7405648
0.1750000	0.0004240	4.5000000	3.0000000	10000	3.9728558	0.0000000	108870.9233060	544.3546165
0.1750000	0.0004060	4.5000000	3.0000000	10000	4.3658525	0.0000000	119940.8424120	599.7042121
0.1750000	0.0004150	4.5900000	3.0000000	10000	4.7436927	0.0000000	131004.1481320	655.0207407
0.1750000	0.0004150	4.4100000	3.0000000	5538	8.9877875	0.0000071	136959.7264700	1236.5450205
0.1750000	0.0004150	4.5000000	3.0000000	9850	0.4329777	0.0000000	10000.2846720	50.7628664
0.1850000	0.0004150	4.5000000	3.0000000	8890	0.3641353	0.0000000	10000.7589720	56.2472383
0.1850000	0.0004250	4.5000000	3.0000000	9215	0.3510754	0.0000000	10000.8706940	54.2640841
0.1850000	0.0004250	4.6000000	3.0000000	9067	0.3699405	0.0000000	10000.6320120	55.1485167
0.1850000	0.0004250	4.4000000	3.0000000	9205	0.3962618	0.0000000	10000.5441600	54.3212611
0.1960000	0.0004250	4.5000000	3.0000000	9212	0.3726496	0.0000000	10000.0689020	54.2774039
0.1740000	0.0004250	4.5000000	3.0000000	9152	0.4088070	0.0000000	10000.0957260	54.6333901
0.1850000	0.0004360	4.5000000	3.0000000	9278	0.3956654	0.0000000	10001.2445880	53.8976320
0.1850000	0.0004140	4.5000000	3.0000000	9127	0.3942050	0.0000000	10000.4332080	54.7848866
0.1850000	0.0004250	4.5900000	3.0000000	9297	0.3816166	0.0000000	10000.4490100	53.7832043
0.1850000	0.0004250	4.4100000	3.0000000	9029	0.3840943	0.0000000	10000.8118620	55.3816140
0.1949000	0.0004250	4.5000000	3.0000000	9259	0.3721473	0.0000000	10000.8926440	54.0063325
0.1751000	0.0004250	4.5000000	3.0000000	9037	0.3946298	0.0000000	10000.4011460	55.3303151
0.1850000	0.0004349	4.5000000	3.0000000	7594	0.4423219	0.0000032	7898.6107880	52.0056017
0.1850000	0.0004250	4.5000000	2.0000000	0	inf	nan	0.0000380	inf
0.1850000	0.0004250	4.5000000	2.0000000	9784	0.4006639	0.0000000	10000.7767940	51.1078127
0.1950000	0.0004250	4.5000000	2.0000000	9109	0.3625770	0.0000000	10000.1561200	54.8916243
0.1950000	0.0004350	4.5000000	2.0000000	9099	0.3344391	0.0000000	10000.0414960	54.9513216
0.1950000	0.0004350	4.6000000	2.0000000	9351	0.3518885	0.0000000	10000.2740200	53.4716823
0.1950000	0.0004350	4.4000000	2.0000000	9194	0.3723436	0.0000000	10000.6832820	54.3870094
0.2060000	0.0004350	4.5000000	2.0000000	9480	0.3668313	0.0000000	10000.4213460	52.7448383
0.1840000	0.0004350	4.5000000	2.0000000	9276	0.3957069	0.0000000	10001.0953980	53.9084487
0.1950000	0.0004460	4.5000000	2.0000000	9446	0.3749271	0.0000000	10000.7900660	52.9366402
0.1950000	0.0004240	4.5000000	2.0000000	9263	0.3790898	0.0000000	10000.4213560	53.9804672
0.1950000	0.0004350	4.5900000	2.0000000	9220	0.3510469	0.0000000	10000.6663900	54.2335488
0.1950000	0.0004350	4.4100000	2.0000000	9065	0.3391243	0.0000000	10000.6710140	55.1608991
0.2049000	0.0004350	4.5000000	2.0000000	9255	0.3440141	0.0000000	10001.2003860	54.0313365
0.1851000	0.0004350	4.5000000	2.0000000	9193	0.3813148	0.0000000	10000.9442320	54.3943448
0.1950000	0.0004449	4.5000000	2.0000000	7374	0.4545530	0.0000045	7357.1975000	49.8860693
